-37
-37
-37
-37
-37
-37
-37
-37
-37
-37
-37
-37
-37
-37
-37
-37
32
32
-37
32
32
-37
32
-37
-37
-37
32
32
32
-37
-37
-37
32
32
-37
32
-37
32
32
32
-49
32
-37
32
-37
-37
32
-49
-37
32
32
32
32
-37
-37
-37
32
-37
32
-37
-37
32
-37
-37
32
-37
-37
-37
-37
32
-37
-37
32
32
-37
-37
32
-37
32
32
32
32
32
-37
32
-37
32
32
-37
-37
-37
32
-37
32
-37
-37
-37
32
32
32
-37
32
-37
32
-37
-37
32
32
32
-37
32
32
32
-37
32
-37
32
-37
32
-37
-37
32
-37
-37
-37
32
-37
-37
-37
32
-37
32
-49
32
-37
-37
32
-49
32
32
32
-37
32
32
32
-37
32
-37
32
-37
-37
-37
-37
-37
-37
-37
-37
-37
-37
-37
-37
-37
-37
42
-37
0
0
0
0
0
0
0
0
0
0
0
0
0
0
0
0
0
0
0
0
0
0
0
0
0
0
0
0
0
0
0
0
0
0
0
0
0
0
0
0
0
0
0
0
0
0
0
0
0
0
0
0
0
0
0
0
0
0
0
0
